100 Gauss 99.1139 0
100 Gauss 94.2809 0
1000 Gauss 9716.2254 0
1000 Gauss 10291.5909 0
1000 Gauss 45503.9067 0
500 Gauss 10385.2611 0
100 Gauss 150.1255 0
123 Gauss 328.3057 0
1000 Brent 602.8583 0
1000 Brent 326.7888 0
100 Gauss 466.7046 0
100 Brent 14.87 0
100 Brent 11.3546 0
100 Brent 9.0381 0
100 Brent 11.9145 0
100 Brent 10.436 0
100 Brent 9.0218 0
100 Brent 6.6752 0
100 Brent 6.8431 0
100 Brent 8.5729 0
100 Brent 6.5071 0
100 Brent 8.2387 0
100 Brent 7.0625 0
100 Brent 6.3924 0
100 Brent 6.6502 0
100 Brent 54.6528 0
100 Brent 22.8605 0
100 Brent 19.3654 0
100 Brent 12.739 0
100 Brent 9.9685 0
100 Brent 11.1888 0
100 Brent 13.7226 0
100 Brent 8.8102 0
100 Brent 6.8951 0
100 Brent 6.2994 0
100 Brent 6.4847 0
100 Brent 7.7881 0
100 Brent 6.5216 0
100 Brent 13.6561 0
100 Brent 6.3603 0
100 Brent 6.3511 0
100 Brent 6.4198 0
100 Brent 6.3253 0
100 Brent 6.3143 0
100 Brent 6.3308 0
100 Brent 6.3252 0
100 Brent 8.8828 0
100 Brent 6.4084 0
100 Brent 6.6474 0
100 Brent 6.4508 0
100 Brent 6.3096 0
100 Brent 6.4389 0
100 Brent 8.1643 0
100 Brent 6.5372 0
100 Brent 9.0518 0
100 Brent 6.3031 0
100 Brent 6.3771 0
100 Brent 6.4392 0
100 Brent 6.6877 0
100 Brent 6.4591 0
100 Brent 6.3674 0
100 Brent 8.8443 0
100 Brent 11.0479 0
100 Brent 6.5467 0
100 Brent 6.516 0
100 Brent 6.7527 0
100 Brent 6.3582 0
100 Brent 6.3206 0
100 Brent 6.2802 0
100 Brent 9.4507 0
100 Brent 6.2799 0
100 Brent 6.3435 0
100 Brent 6.3045 0
100 Brent 6.4518 0
100 Brent 8.4642 0
100 Brent 6.386 0
100 Brent 6.3233 0
100 Brent 9.2535 0
100 Brent 6.6642 0
100 Brent 6.3895 0
100 Brent 6.3828 0
100 Brent 6.4125 0
100 Brent 10.9261 0
100 Brent 7.0141 0
100 Brent 6.2703 0
100 Brent 8.9282 0
100 Brent 6.5388 0
100 Brent 6.5301 0
100 Brent 10.0265 0
100 Brent 6.8668 0
100 Brent 6.4097 0
100 Brent 10.3668 0
100 Brent 6.2133 0
100 Brent 6.5532 0
100 Brent 11.0194 0
100 Brent 10.8951 0
100 Brent 6.3566 0
100 Brent 8.5734 0
100 Brent 6.2662 0
100 Brent 6.365 0
100 Gauss 275.7782 0
100 Brent 15.8255 0
100 Gauss 133.7282 0
100 Brent 15.41 0
100 Gauss 134.0482 0
100 Brent 8.3969 0
100 Gauss 90.1459 0
100 Gauss 90.8069 0
100 Gauss 94.003 0
100 Gauss 86.2179 0
100 Gauss 87.3951 0
100 Gauss 92.3399 0
100 Gauss 88.5588 0
100 Brent 10.8487 0
100 Brent 8.4591 0
100 Brent 7.3744 0
100 Brent 6.6278 0
100 Brent 7.4965 0
100 Brent 7.7841 0
100 Brent 53.9688 0
100 Brent 19.3263 0
100 Brent 16.1956 0
100 Brent 13.4783 0
100 Brent 12.5484 0
100 Brent 9.1218 0
100 Brent 12.1952 0
100 Brent 6.852 0
100 Brent 7.0089 0
100 Brent 6.6297 0
100 Brent 6.4562 0
100 Brent 6.1995 0
100 Brent 6.4064 0
100 Brent 10.3785 0
100 Brent 12.1723 0
100 Brent 8.3393 0
100 Brent 6.4546 0
100 Brent 6.7859 0
100 Brent 6.2259 0
100 Brent 8.3096 0
100 Gauss 195.9163 0
100 Brent 10.186 0
100 Gauss 125.42 0
100 Brent 6.7098 0
100 Gauss 93.0012 0
100 Brent 6.6765 0
100 Brent 53.5991 0
100 Brent 18.3473 0
100 Brent 15.3267 0
100 Brent 15.4252 0
100 Brent 11.6215 0
100 Brent 9.8308 0
100 Brent 14.3948 0
100 Brent 6.7412 0
100 Brent 7.5397 0
100 Brent 9.9968 0
100 Brent 8.7891 0
100 Brent 6.3302 0
100 Brent 6.2674 0
100 Brent 8.2463 0
100 Brent 6.2553 0
100 Brent 6.8917 0
100 Brent 53.6792 0
100 Brent 14.7123 0
100 Brent 18.2076 0
100 Brent 11.5621 0
100 Brent 14.3963 0
100 Brent 9.7643 0
100 Brent 12.702 0
100 Brent 6.7753 0
100 Brent 6.5949 0
100 Brent 6.7392 0
100 Brent 6.8378 0
100 Brent 8.1241 0
100 Gauss 272.1556 0
100 Gauss 283.7875 0
100 Gauss 269.7649 0
100 Gauss 127.8671 0
100 Gauss 121.8009 0
100 Gauss 110.576 0
100 Gauss 92.845 0
100 Gauss 90.6884 0
100 Gauss 94.183 0
100 Gauss 103.9224 0
100 Gauss 88.2395 0
100 Gauss 91.1446 0
100 Gauss 92.1266 0
100 Gauss 87.8451 0
100 Gauss 87.6577 0
100 Gauss 94.79 0
100 Gauss 93.7762 0
100 Gauss 86.7836 0
100 Gauss 87.7682 0
100 Gauss 85.2991 0
100 Gauss 87.388 0
100 Gauss 85.952 0
100 Gauss 86.9682 0
100 Gauss 88.5214 0
100 Gauss 88.331 0
100 Gauss 86.1201 0
100 Gauss 87.738 0
100 Gauss 86.2503 0
100 Gauss 87.3511 0
100 Gauss 86.637 0
100 Gauss 84.8607 0
100 Gauss 85.2083 0
100 Gauss 153.5012 0
100 Gauss 125.8217 0
100 Gauss 93.9736 0
100 Gauss 99.217 0
100 Gauss 91.1293 0
100 Gauss 87.1761 0
100 Gauss 87.5299 0
100 Gauss 86.9719 0
100 Gauss 85.4918 0
100 Gauss 84.7663 0
100 Gauss 92.1598 0
100 Gauss 91.1849 0
100 Gauss 87.3614 0
100 Gauss 86.9968 0
100 Gauss 87.899 0
100 Gauss 87.2156 0
100 Gauss 85.6998 0
100 Gauss 92.2777 0
100 Brent 25.1697 0
100 Brent 12.0793 0
100 Brent 8.5913 0
100 Brent 9.4752 0
100 Brent 10.8508 0
100 Brent 9.4219 0
100 Brent 12.9464 0
100 Brent 7.5785 0
100 Brent 7.0089 0
100 Brent 10.5576 0
100 Brent 6.9238 0
100 Brent 10.1683 0
100 Brent 11.5457 0
100 Brent 6.5215 0
100 Brent 6.4468 0
100 Brent 6.9897 0
100 Brent 6.9149 0
100 Brent 6.5622 0
100 Brent 6.9296 0
100 Brent 6.551 0
100 Brent 6.6388 0
100 Brent 16.987 0
100 Brent 8.6744 0
100 Brent 12.4725 0
100 Brent 7.7342 0
100 Brent 8.3714 0
100 Brent 7.6639 0
100 Brent 6.8784 0
100 Brent 6.6937 0
100 Brent 7.0655 0
100 Brent 10.7058 0
100 Brent 11.0233 0
100 Brent 9.1546 0
100 Brent 9.0392 0
100 Brent 18.6512 0
100 Brent 7.4271 0
100 Brent 7.5815 0
100 Brent 10.2267 0
100 Brent 6.4191 0
100 Brent 6.4015 0
100 Brent 6.4592 0
100 Brent 6.5968 0
100 Brent 6.5215 0
100 Brent 6.3944 0
100 Brent 6.4224 0
100 Brent 6.4565 0
100 Brent 10.0258 0
100 Brent 11.3009 0
100 Brent 7.9859 0
100 Brent 6.4759 0
100 Brent 6.5704 0
100 Brent 6.6233 0
100 Brent 6.7023 0
100 Brent 6.6039 0
100 Brent 6.4927 0
100 Brent 9.4329 0
100 Brent 7.6779 0
100 Brent 6.5775 0
100 Brent 6.4616 0
100 Brent 6.657 0
100 Brent 6.5575 0
100 Brent 6.6341 0
100 Brent 6.42 0
100 Brent 8.3397 0
100 Brent 6.473 0
100 Spigot 39.7692 0
100 Spigot 33.905 0
100 Spigot 28.8299 0
100 Spigot 28.7792 0
100 Spigot 28.243 0
100 Spigot 28.3757 0
100 Spigot 29.9695 0
100 Spigot 28.2434 0
100 Spigot 27.8838 0
100 Spigot 29.7711 0
100 Spigot 27.9981 0
100 Spigot 27.929 0
100 Spigot 28.1272 0
